count,age
6430,0
5676,1
5531,2
5944,3
4860,4
4906,5
5008,6
4982,7
5180,8
5515,9
6129,10
5387,11
5719,12
6481,13
5835,14
6530,15
6145,16
5847,17
9134,18
12456,19
6957,20
7449,21
7979,22
9440,23
9775,24
9771,25
9284,26
10361,27
9360,28
9220,29
9900,30
8293,31
9644,32
8796,33
8655,34
9626,35
8752,36
8346,37
7610,38
7967,39
8002,40
6800,41
6868,42
7564,43
7240,44
6807,45
7770,46
6289,47
7120,48
7186,49
7713,50
6982,51
6607,52
6806,53
6299,54
6708,55
6663,56
6938,57
6846,58
6578,59
6151,60
5899,61
4658,62
4787,63
4698,64
4451,65
3822,66
4510,67
3444,68
3655,69
3504,70
3114,71
2734,72
2517,73
2518,74
2839,75
2750,76
2523,77
2642,78
2087,79
2122,80
2068,81
1669,82
2050,83
1585,84
1227,85
1283,86
1099,87
747,88
847,89
439,90
27,91
529,92
1788,93
52,94
469,95
30,96
25,97
32,98
25,99
36,100
13,101
12,102
12,103
7,104
14,105
